"Dstat 0.7.2 CSV output"
"Author:","Dag Wieers <dag@wieers.com>",,,,"URL:","http://dag.wieers.com/home-made/dstat/"
"Host:","Gottfried",,,,"User:","root"
"Cmdline:","dstat --epoch --time --cpu --disk --page --int --load --mem --proc --io --swap --sys --aio --fs --ipc --lock --raw --socket --unix --vm --output /root/ImpressionOfES3000/02_benchmark_fio/executed.Gottfried.20140801_202540.18486/dstat.job.hioa4.ext4.sync.write.bs4k.j16.depth32.csv",,,,"Date:","05 Aug 2014 05:14:53 JST"

"epoch","system","total cpu usage",,,,,,"dsk/total",,"paging",,"interrupts",,,"load avg",,,"memory usage",,,,"procs",,,"io/total",,"swap",,"system",,"async","filesystem",,"sysv ipc",,,"file locks",,,,"raw","sockets",,,,,"unix sockets",,,,"virtual memory",,,
"epoch","time","usr","sys","idl","wai","hiq","siq","read","writ","in","out","141","142","143","1m","5m","15m","used","buff","cach","free","run","blk","new","read","writ","used","free","int","csw","#aio","files","inodes","msg","sem","shm","pos","lck","rea","wri","raw","tot","tcp","udp","raw","frg","dgm","str","lis","act","majpf","minpf","alloc","free"
1407183293.359,05-08 05:14:53,0.080,0.510,98.736,0.647,0.000,0.028,16652412.718,16072644.562,0.0,0.0,779.769,779.769,779.769,10.700,10.130,10.210,1087631360.0,135258112.0,4773171200.0,1.29235009536e+11,0.0,0.0,0.274,5056.722,4481.451,0.0,4294963200.0,10078.535,24857.198,0.0,336.0,295353.0,0.0,0.0,25.0,0.0,0.0,0.0,0.0,0.0,85.0,2.0,0.0,0.0,0.0,2.0,3.0,1.0,2.0,0.001,1210.185,151.278,162.995
1407183294.360,05-08 05:14:54,0.042,0.0,99.958,0.0,0.0,0.0,0.0,0.0,0.0,0.0,0.0,0.0,0.0,10.700,10.130,10.210,1087201280.0,135258112.0,4773175296.0,1.2923543552e+11,0.0,0.0,0.0,0.0,0.0,0.0,4294963200.0,264.0,451.0,0.0,384.0,295357.0,0.0,0.0,25.0,0.0,0.0,0.0,0.0,0.0,85.0,2.0,0.0,0.0,0.0,2.0,3.0,1.0,2.0,0.0,8.0,17.0,13.0
1407183295.360,05-08 05:14:55,0.042,0.0,99.958,0.0,0.0,0.0,0.0,0.0,0.0,0.0,0.0,0.0,0.0,10.700,10.130,10.210,1087270912.0,135258112.0,4773179392.0,1.29235361792e+11,0.0,0.0,0.0,0.0,0.0,0.0,4294963200.0,239.0,446.0,0.0,384.0,295357.0,0.0,0.0,25.0,0.0,0.0,0.0,0.0,0.0,85.0,2.0,0.0,0.0,0.0,2.0,3.0,1.0,2.0,0.0,4.0,12.0,12.0
1407183296.360,05-08 05:14:56,0.042,0.0,99.958,0.0,0.0,0.0,0.0,0.0,0.0,0.0,0.0,0.0,0.0,10.700,10.130,10.210,1087270912.0,135258112.0,4773179392.0,1.29235361792e+11,0.0,0.0,0.0,0.0,0.0,0.0,4294963200.0,237.0,453.0,0.0,384.0,295357.0,0.0,0.0,25.0,0.0,0.0,0.0,0.0,0.0,85.0,2.0,0.0,0.0,0.0,2.0,3.0,1.0,2.0,0.0,4.0,12.0,12.0
1407183297.360,05-08 05:14:57,0.0,0.042,99.958,0.0,0.0,0.0,0.0,8192.0,0.0,0.0,0.0,0.0,0.0,10.700,10.130,10.210,1087397888.0,135258112.0,4773179392.0,1.29235234816e+11,0.0,0.0,0.0,0.0,1.0,0.0,4294963200.0,264.0,485.0,0.0,384.0,295357.0,0.0,0.0,25.0,0.0,0.0,0.0,0.0,0.0,85.0,2.0,0.0,0.0,0.0,2.0,3.0,1.0,2.0,0.0,4.0,14.0,22.0
1407183298.360,05-08 05:14:58,0.042,0.0,99.958,0.0,0.0,0.0,0.0,0.0,0.0,0.0,0.0,0.0,0.0,9.840,9.960,10.150,1087397888.0,135258112.0,4773179392.0,1.29235234816e+11,0.0,0.0,0.0,0.0,0.0,0.0,4294963200.0,251.0,450.0,0.0,384.0,295357.0,0.0,0.0,25.0,0.0,0.0,0.0,0.0,0.0,85.0,2.0,0.0,0.0,0.0,2.0,3.0,1.0,2.0,0.0,4.0,12.0,12.0
1407183299.360,05-08 05:14:59,0.042,0.0,99.958,0.0,0.0,0.0,0.0,0.0,0.0,0.0,0.0,0.0,0.0,9.840,9.960,10.150,1087397888.0,135258112.0,4773179392.0,1.29235234816e+11,0.0,0.0,0.0,0.0,0.0,0.0,4294963200.0,238.0,450.0,0.0,384.0,295357.0,0.0,0.0,25.0,0.0,0.0,0.0,0.0,0.0,85.0,2.0,0.0,0.0,0.0,2.0,3.0,1.0,2.0,0.0,4.0,13.0,13.0
1407183300.360,05-08 05:15:00,0.042,0.0,99.958,0.0,0.0,0.0,0.0,0.0,0.0,0.0,0.0,0.0,0.0,9.840,9.960,10.150,1087397888.0,135258112.0,4773179392.0,1.29235234816e+11,0.0,0.0,0.0,0.0,0.0,0.0,4294963200.0,237.0,448.0,0.0,384.0,295357.0,0.0,0.0,25.0,0.0,0.0,0.0,0.0,0.0,85.0,2.0,0.0,0.0,0.0,2.0,3.0,1.0,2.0,0.0,4.0,12.0,12.0
1407183301.360,05-08 05:15:01,0.0,0.042,99.917,0.042,0.0,0.0,0.0,0.0,0.0,0.0,0.0,0.0,0.0,9.840,9.960,10.150,1087332352.0,135258112.0,4773179392.0,1.29235300352e+11,0.0,0.0,0.0,0.0,0.0,0.0,4294963200.0,239.0,453.0,0.0,384.0,295357.0,0.0,0.0,25.0,0.0,0.0,0.0,0.0,0.0,85.0,2.0,0.0,0.0,0.0,2.0,3.0,1.0,2.0,0.0,4.0,14.0,58.0
1407183302.360,05-08 05:15:02,0.042,0.0,99.958,0.0,0.0,0.0,0.0,0.0,0.0,0.0,0.0,0.0,0.0,9.840,9.960,10.150,1087332352.0,135258112.0,4773179392.0,1.29235300352e+11,0.0,0.0,0.0,0.0,0.0,0.0,4294963200.0,239.0,452.0,0.0,384.0,295357.0,0.0,0.0,25.0,0.0,0.0,0.0,0.0,0.0,85.0,2.0,0.0,0.0,0.0,2.0,3.0,1.0,2.0,0.0,4.0,13.0,13.0
1407183303.360,05-08 05:15:03,0.042,0.0,99.958,0.0,0.0,0.0,0.0,0.0,0.0,0.0,0.0,0.0,0.0,9.050,9.790,10.100,1087328256.0,135258112.0,4773183488.0,1.29235300352e+11,0.0,0.0,0.0,0.0,0.0,0.0,4294963200.0,239.0,448.0,0.0,384.0,295357.0,0.0,0.0,25.0,0.0,0.0,0.0,0.0,0.0,85.0,2.0,0.0,0.0,0.0,2.0,3.0,1.0,2.0,0.0,4.0,14.0,13.0
1407183304.360,05-08 05:15:04,0.083,0.0,99.917,0.0,0.0,0.0,0.0,0.0,0.0,0.0,0.0,0.0,0.0,9.050,9.790,10.100,1087328256.0,135258112.0,4773183488.0,1.29235300352e+11,0.0,0.0,0.0,0.0,0.0,0.0,4294963200.0,250.0,452.0,0.0,384.0,295357.0,0.0,0.0,25.0,0.0,0.0,0.0,0.0,0.0,85.0,2.0,0.0,0.0,0.0,2.0,3.0,1.0,2.0,0.0,4.0,12.0,12.0
1407183305.360,05-08 05:15:05,0.0,0.042,99.958,0.0,0.0,0.0,0.0,0.0,0.0,0.0,0.0,0.0,0.0,9.050,9.790,10.100,1087328256.0,135258112.0,4773183488.0,1.29235300352e+11,0.0,0.0,0.0,0.0,0.0,0.0,4294963200.0,237.0,446.0,0.0,384.0,295357.0,0.0,0.0,25.0,0.0,0.0,0.0,0.0,0.0,85.0,2.0,0.0,0.0,0.0,2.0,3.0,1.0,2.0,0.0,4.0,12.0,18.0
1407183306.360,05-08 05:15:06,0.042,0.0,99.958,0.0,0.0,0.0,0.0,0.0,0.0,0.0,0.0,0.0,0.0,9.050,9.790,10.100,1087328256.0,135258112.0,4773183488.0,1.29235300352e+11,0.0,0.0,0.0,0.0,0.0,0.0,4294963200.0,242.0,457.0,0.0,384.0,295357.0,0.0,0.0,25.0,0.0,0.0,0.0,0.0,0.0,85.0,2.0,0.0,0.0,0.0,2.0,3.0,1.0,2.0,0.0,4.0,13.0,13.0
1407183307.360,05-08 05:15:07,0.042,0.0,99.958,0.0,0.0,0.0,0.0,4096.0,0.0,0.0,0.0,0.0,0.0,9.050,9.790,10.100,1087328256.0,135258112.0,4773183488.0,1.29235300352e+11,0.0,0.0,0.0,0.0,1.0,0.0,4294963200.0,249.0,465.0,0.0,384.0,295357.0,0.0,0.0,25.0,0.0,0.0,0.0,0.0,0.0,85.0,2.0,0.0,0.0,0.0,2.0,3.0,1.0,2.0,0.0,4.0,14.0,13.0
1407183308.360,05-08 05:15:08,0.167,0.083,99.708,0.042,0.0,0.0,0.0,0.0,0.0,0.0,0.0,0.0,0.0,8.330,9.630,10.040,1086095360.0,135258112.0,4802859008.0,1.29206857728e+11,1.0,0.0,4.0,0.0,0.0,0.0,4294963200.0,308.0,501.0,0.0,384.0,295382.0,0.0,0.0,26.0,0.0,0.0,0.0,0.0,0.0,85.0,2.0,0.0,0.0,0.0,2.0,3.0,1.0,2.0,0.0,8688.0,7648.0,353.0
1407183309.360,05-08 05:15:09,0.505,1.389,97.980,0.084,0.0,0.042,0.0,398807040.0,0.0,0.0,6089.0,6089.0,6088.0,8.330,9.630,10.040,1089658880.0,135258112.0,4802863104.0,1.29203290112e+11,0.0,1.0,17.0,0.0,97539.0,0.0,4294963200.0,106898.0,196000.0,0.0,384.0,295387.0,0.0,0.0,26.0,0.0,0.0,0.0,0.0,0.0,85.0,2.0,0.0,0.0,0.0,2.0,3.0,1.0,2.0,0.0,2645.0,1693.0,470.0
1407183310.360,05-08 05:15:10,0.673,1.640,97.687,0.0,0.0,0.0,0.0,464207872.0,0.0,0.0,7083.0,7083.0,7084.0,8.330,9.630,10.040,1090609152.0,135258112.0,4802555904.0,1.2920264704e+11,2.0,0.0,0.0,0.0,113330.0,0.0,4294963200.0,123995.0,227350.0,0.0,384.0,295387.0,0.0,0.0,26.0,0.0,0.0,0.0,0.0,0.0,85.0,2.0,0.0,0.0,0.0,2.0,3.0,1.0,2.0,0.0,9.0,26.0,25.0
1407183311.360,05-08 05:15:11,0.296,1.562,98.142,0.0,0.0,0.0,0.0,463675392.0,0.0,0.0,7075.0,7075.0,7075.0,8.330,9.630,10.040,1090863104.0,135258112.0,4802555904.0,1.29202393088e+11,0.0,1.0,0.0,0.0,113204.0,0.0,4294963200.0,123747.0,227093.0,0.0,384.0,295387.0,0.0,0.0,26.0,0.0,0.0,0.0,0.0,0.0,85.0,2.0,0.0,0.0,0.0,2.0,3.0,1.0,2.0,0.0,9.0,28.0,24.0
1407183312.360,05-08 05:15:12,0.463,1.768,97.769,0.0,0.0,0.0,0.0,464080896.0,0.0,0.0,7081.0,7080.0,7080.0,8.330,9.630,10.040,1090863104.0,135258112.0,4802555904.0,1.29202393088e+11,2.0,0.0,1.0,0.0,113292.0,0.0,4294963200.0,123736.0,227304.0,0.0,384.0,295387.0,0.0,0.0,26.0,0.0,0.0,0.0,0.0,0.0,85.0,2.0,0.0,0.0,0.0,2.0,3.0,1.0,2.0,0.0,8.0,31.0,40.0
1407183313.360,05-08 05:15:13,0.503,2.013,97.484,0.0,0.0,0.0,0.0,464494592.0,0.0,0.0,7087.0,7088.0,7088.0,8.940,9.740,10.080,1090871296.0,135258112.0,4802555904.0,1.29202384896e+11,0.0,1.0,0.0,0.0,113402.0,0.0,4294963200.0,124149.0,227482.0,0.0,384.0,295387.0,0.0,0.0,26.0,0.0,0.0,0.0,0.0,0.0,85.0,2.0,0.0,0.0,0.0,2.0,3.0,1.0,2.0,0.0,8.0,24.0,24.0
1407183314.360,05-08 05:15:14,0.547,1.766,97.687,0.0,0.0,0.0,0.0,465424384.0,0.0,0.0,7102.0,7102.0,7102.0,8.940,9.740,10.080,1090871296.0,135258112.0,4802555904.0,1.29202384896e+11,1.0,0.0,0.0,0.0,113628.0,0.0,4294963200.0,124395.0,227941.0,0.0,384.0,295387.0,0.0,0.0,26.0,0.0,0.0,0.0,0.0,0.0,85.0,2.0,0.0,0.0,0.0,2.0,3.0,1.0,2.0,0.0,8.0,32.0,24.0
1407183315.360,05-08 05:15:15,0.338,1.646,98.016,0.0,0.0,0.0,0.0,465293312.0,0.0,0.0,7100.0,7100.0,7100.0,8.940,9.740,10.080,1090899968.0,135258112.0,4802560000.0,1.29202352128e+11,2.0,0.0,0.0,0.0,113596.0,0.0,4294963200.0,124330.0,227876.0,0.0,384.0,295387.0,0.0,0.0,26.0,0.0,0.0,0.0,0.0,0.0,85.0,2.0,0.0,0.0,0.0,2.0,3.0,1.0,2.0,0.0,8.0,26.0,25.0
1407183316.360,05-08 05:15:16,0.673,1.556,97.771,0.0,0.0,0.0,0.0,465350656.0,0.0,0.0,7101.0,7100.0,7100.0,8.940,9.740,10.080,1090899968.0,135258112.0,4802560000.0,1.29202352128e+11,0.0,1.0,0.0,0.0,113612.0,0.0,4294963200.0,124432.0,227910.0,0.0,384.0,295387.0,0.0,0.0,26.0,0.0,0.0,0.0,0.0,0.0,85.0,2.0,0.0,0.0,0.0,2.0,3.0,1.0,2.0,0.0,8.0,24.0,24.0
1407183317.360,05-08 05:15:17,0.296,1.605,98.100,0.0,0.0,0.0,0.0,465481728.0,0.0,0.0,7102.0,7103.0,7103.0,8.940,9.740,10.080,1090899968.0,135258112.0,4802560000.0,1.29202352128e+11,0.0,1.0,0.0,0.0,113640.0,0.0,4294963200.0,124152.0,227985.0,0.0,384.0,295387.0,0.0,0.0,26.0,0.0,0.0,0.0,0.0,0.0,85.0,2.0,0.0,0.0,0.0,2.0,3.0,1.0,2.0,0.0,8.0,25.0,28.0
1407183318.360,05-08 05:15:18,0.754,1.802,97.402,0.042,0.0,0.0,0.0,464834560.0,0.0,0.0,7093.0,7093.0,7093.0,9.510,9.840,10.110,1090899968.0,135258112.0,4802560000.0,1.29202352128e+11,1.0,0.0,0.0,0.0,113485.0,0.0,4294963200.0,124356.0,227659.0,0.0,384.0,295387.0,0.0,0.0,26.0,0.0,0.0,0.0,0.0,0.0,85.0,2.0,0.0,0.0,0.0,2.0,3.0,1.0,2.0,0.0,8.0,24.0,36.0
1407183319.360,05-08 05:15:19,0.421,1.601,97.977,0.0,0.0,0.0,0.0,464773120.0,0.0,0.0,7092.0,7092.0,7092.0,9.510,9.840,10.110,1090899968.0,135258112.0,4802560000.0,1.29202352128e+11,0.0,1.0,0.0,0.0,113472.0,0.0,4294963200.0,124007.0,227614.0,0.0,384.0,295387.0,0.0,0.0,26.0,0.0,0.0,0.0,0.0,0.0,85.0,2.0,0.0,0.0,0.0,2.0,3.0,1.0,2.0,0.0,8.0,25.0,25.0
1407183320.360,05-08 05:15:20,0.380,1.687,97.933,0.0,0.0,0.0,0.0,464691200.0,0.0,0.0,7090.0,7090.0,7090.0,9.510,9.840,10.110,1090899968.0,135258112.0,4802560000.0,1.29202352128e+11,2.0,0.0,0.0,0.0,113448.0,0.0,4294963200.0,124309.0,227579.0,0.0,384.0,295387.0,0.0,0.0,26.0,0.0,0.0,0.0,0.0,0.0,85.0,2.0,0.0,0.0,0.0,2.0,3.0,1.0,2.0,0.0,8.0,24.0,24.0
1407183321.360,05-08 05:15:21,0.421,1.727,97.810,0.0,0.0,0.042,0.0,463495168.0,0.0,0.0,7073.0,7073.0,7072.0,9.510,9.840,10.110,1090899968.0,135258112.0,4802560000.0,1.29202352128e+11,1.0,0.0,0.0,0.0,113158.0,0.0,4294963200.0,126439.0,227001.0,0.0,384.0,295387.0,0.0,0.0,26.0,0.0,0.0,0.0,0.0,0.0,85.0,2.0,0.0,0.0,0.0,2.0,3.0,1.0,2.0,0.0,8.0,25.0,25.0
1407183322.360,05-08 05:15:22,0.463,1.726,97.768,0.042,0.0,0.0,0.0,465260544.0,0.0,0.0,7065.0,7065.0,7066.0,9.510,9.840,10.110,1091125248.0,135258112.0,4801880064.0,1.29202806784e+11,0.0,1.0,0.0,0.0,113103.0,0.0,4294963200.0,128899.0,226848.0,0.0,384.0,295387.0,0.0,0.0,26.0,0.0,0.0,0.0,0.0,0.0,85.0,2.0,0.0,0.0,0.0,2.0,3.0,1.0,2.0,0.0,8.0,324.0,283.0
1407183323.360,05-08 05:15:23,0.463,1.766,97.729,0.042,0.0,0.0,0.0,463237120.0,0.0,0.0,7069.0,7069.0,7069.0,10.030,9.940,10.140,1091153920.0,135258112.0,4802560000.0,1.29202098176e+11,0.0,1.0,0.0,0.0,113095.0,0.0,4294963200.0,128991.0,226870.0,0.0,384.0,295387.0,0.0,0.0,26.0,0.0,0.0,0.0,0.0,0.0,85.0,2.0,0.0,0.0,0.0,2.0,3.0,1.0,2.0,0.0,8.0,24.0,24.0
1407183324.360,05-08 05:15:24,0.212,1.566,98.223,0.0,0.0,0.0,0.0,463794176.0,0.0,0.0,7077.0,7077.0,7076.0,10.030,9.940,10.140,1091153920.0,135258112.0,4802560000.0,1.29202098176e+11,0.0,1.0,0.0,0.0,113230.0,0.0,4294963200.0,128920.0,227142.0,0.0,384.0,295387.0,0.0,0.0,26.0,0.0,0.0,0.0,0.0,0.0,85.0,2.0,0.0,0.0,0.0,2.0,3.0,1.0,2.0,0.0,8.0,25.0,25.0
1407183325.360,05-08 05:15:25,0.713,1.804,97.440,0.042,0.0,0.0,0.0,463732736.0,0.0,0.0,7076.0,7076.0,7076.0,10.030,9.940,10.140,1091153920.0,135258112.0,4802560000.0,1.29202098176e+11,0.0,1.0,0.0,0.0,113216.0,0.0,4294963200.0,126551.0,227115.0,0.0,384.0,295387.0,0.0,0.0,26.0,0.0,0.0,0.0,0.0,0.0,85.0,2.0,0.0,0.0,0.0,2.0,3.0,1.0,2.0,0.0,8.0,24.0,24.0
1407183326.360,05-08 05:15:26,0.378,1.934,97.687,0.0,0.0,0.0,0.0,464134144.0,0.0,0.0,7082.0,7082.0,7083.0,10.030,9.940,10.140,1091153920.0,135258112.0,4802560000.0,1.29202098176e+11,2.0,0.0,0.0,0.0,113314.0,0.0,4294963200.0,128781.0,227316.0,0.0,384.0,295387.0,0.0,0.0,26.0,0.0,0.0,0.0,0.0,0.0,85.0,2.0,0.0,0.0,0.0,2.0,3.0,1.0,2.0,0.0,8.0,26.0,29.0
1407183327.360,05-08 05:15:27,0.421,1.892,97.645,0.042,0.0,0.0,0.0,463740928.0,0.0,0.0,7076.0,7076.0,7076.0,10.030,9.940,10.140,1091149824.0,135258112.0,4802564096.0,1.29202098176e+11,1.0,1.0,0.0,0.0,113219.0,0.0,4294963200.0,129033.0,227129.0,0.0,384.0,295387.0,0.0,0.0,26.0,0.0,0.0,0.0,0.0,0.0,85.0,2.0,0.0,0.0,0.0,2.0,3.0,1.0,2.0,0.0,8.0,25.0,24.0
1407183328.360,05-08 05:15:28,0.338,1.604,98.016,0.042,0.0,0.0,0.0,464007168.0,0.0,0.0,7080.0,7080.0,7080.0,10.500,10.040,10.170,1091149824.0,135258112.0,4802564096.0,1.29202098176e+11,0.0,1.0,0.0,0.0,113283.0,0.0,4294963200.0,129113.0,227252.0,0.0,384.0,295387.0,0.0,0.0,26.0,0.0,0.0,0.0,0.0,0.0,85.0,2.0,0.0,0.0,0.0,2.0,3.0,1.0,2.0,0.0,8.0,25.0,25.0
1407183329.360,05-08 05:15:29,0.337,1.811,97.852,0.0,0.0,0.0,0.0,463990784.0,0.0,0.0,7080.0,7080.0,7080.0,10.500,10.040,10.170,1091149824.0,135258112.0,4802564096.0,1.29202098176e+11,0.0,1.0,0.0,0.0,113278.0,0.0,4294963200.0,124714.0,227233.0,0.0,384.0,295387.0,0.0,0.0,26.0,0.0,0.0,0.0,0.0,0.0,85.0,2.0,0.0,0.0,0.0,2.0,3.0,1.0,2.0,0.0,8.0,24.0,24.0
1407183330.360,05-08 05:15:30,0.463,1.724,97.771,0.042,0.0,0.0,0.0,464003072.0,0.0,0.0,7080.0,7080.0,7080.0,10.500,10.040,10.170,1091149824.0,135258112.0,4802564096.0,1.29202098176e+11,0.0,0.0,0.0,0.0,113282.0,0.0,4294963200.0,123871.0,227251.0,0.0,384.0,295387.0,0.0,0.0,26.0,0.0,0.0,0.0,0.0,0.0,85.0,2.0,0.0,0.0,0.0,2.0,3.0,1.0,2.0,0.0,8.0,25.0,50.0
1407183331.360,05-08 05:15:31,0.504,1.931,97.565,0.0,0.0,0.0,0.0,463257600.0,0.0,0.0,7069.0,7069.0,7069.0,10.500,10.040,10.170,1091149824.0,135258112.0,4802564096.0,1.29202098176e+11,0.0,1.0,0.0,0.0,113099.0,0.0,4294963200.0,123662.0,226888.0,0.0,384.0,295387.0,0.0,0.0,26.0,0.0,0.0,0.0,0.0,0.0,85.0,2.0,0.0,0.0,0.0,2.0,3.0,1.0,2.0,0.0,8.0,24.0,24.0
1407183332.360,05-08 05:15:32,0.420,2.057,97.523,0.0,0.0,0.0,0.0,462258176.0,0.0,0.0,7053.0,7053.0,7053.0,10.500,10.040,10.170,1091149824.0,135258112.0,4802564096.0,1.29202098176e+11,1.0,1.0,0.0,0.0,112859.0,0.0,4294963200.0,123485.0,226404.0,0.0,384.0,295387.0,0.0,0.0,26.0,0.0,0.0,0.0,0.0,0.0,85.0,2.0,0.0,0.0,0.0,2.0,3.0,1.0,2.0,0.0,8.0,24.0,24.0
1407183333.360,05-08 05:15:33,0.337,1.853,97.811,0.0,0.0,0.0,0.0,462151680.0,0.0,0.0,7052.0,7052.0,7052.0,10.940,10.140,10.200,1091149824.0,135258112.0,4802564096.0,1.29202098176e+11,0.0,1.0,0.0,0.0,112827.0,0.0,4294963200.0,123372.0,226337.0,0.0,384.0,295387.0,0.0,0.0,26.0,0.0,0.0,0.0,0.0,0.0,85.0,2.0,0.0,0.0,0.0,2.0,3.0,1.0,2.0,0.0,8.0,25.0,25.0
1407183334.360,05-08 05:15:34,0.504,1.974,97.522,0.0,0.0,0.0,0.0,463093760.0,0.0,0.0,7067.0,7066.0,7066.0,10.940,10.140,10.200,1091022848.0,135258112.0,4802564096.0,1.29202225152e+11,0.0,1.0,0.0,0.0,113061.0,0.0,4294963200.0,128168.0,226803.0,0.0,384.0,295387.0,0.0,0.0,26.0,0.0,0.0,0.0,0.0,0.0,85.0,2.0,0.0,0.0,0.0,2.0,3.0,1.0,2.0,0.0,8.0,24.0,46.0
1407183335.360,05-08 05:15:35,0.505,1.559,97.894,0.042,0.0,0.0,0.0,463290368.0,0.0,0.0,7069.0,7070.0,7070.0,10.940,10.140,10.200,1091022848.0,135258112.0,4802564096.0,1.29202225152e+11,0.0,1.0,0.0,0.0,113108.0,0.0,4294963200.0,129073.0,226908.0,0.0,384.0,295387.0,0.0,0.0,26.0,0.0,0.0,0.0,0.0,0.0,85.0,2.0,0.0,0.0,0.0,2.0,3.0,1.0,2.0,0.0,8.0,26.0,25.0
1407183336.360,05-08 05:15:36,0.421,1.768,97.811,0.0,0.0,0.0,0.0,463577088.0,0.0,0.0,7073.0,7073.0,7073.0,10.940,10.140,10.200,1091022848.0,135258112.0,4802564096.0,1.29202225152e+11,0.0,1.0,0.0,0.0,113178.0,0.0,4294963200.0,128708.0,227035.0,0.0,384.0,295387.0,0.0,0.0,26.0,0.0,0.0,0.0,0.0,0.0,85.0,2.0,0.0,0.0,0.0,2.0,3.0,1.0,2.0,0.0,8.0,24.0,24.0
1407183337.360,05-08 05:15:37,0.548,1.559,97.893,0.0,0.0,0.0,0.0,464297984.0,0.0,0.0,7085.0,7085.0,7085.0,10.940,10.140,10.200,1091022848.0,135258112.0,4802564096.0,1.29202225152e+11,0.0,1.0,0.0,0.0,113354.0,0.0,4294963200.0,124257.0,227392.0,0.0,384.0,295387.0,0.0,0.0,26.0,0.0,0.0,0.0,0.0,0.0,85.0,2.0,0.0,0.0,0.0,2.0,3.0,1.0,2.0,0.0,8.0,25.0,25.0
1407183338.360,05-08 05:15:38,0.715,1.515,97.770,0.0,0.0,0.0,0.0,464650240.0,0.0,0.0,7090.0,7090.0,7090.0,11.350,10.240,10.230,1091022848.0,135258112.0,4802564096.0,1.29202225152e+11,0.0,1.0,0.0,0.0,113442.0,0.0,4294963200.0,120891.0,227569.0,0.0,384.0,295387.0,0.0,0.0,26.0,0.0,0.0,0.0,0.0,0.0,85.0,2.0,0.0,0.0,0.0,2.0,3.0,1.0,2.0,0.0,8.0,25.0,27.0
1407183339.360,05-08 05:15:39,0.422,1.520,98.058,0.0,0.0,0.0,0.0,465854464.0,0.0,0.0,7108.0,7108.0,7108.0,11.350,10.240,10.230,1091018752.0,135258112.0,4802568192.0,1.29202225152e+11,1.0,1.0,0.0,0.0,113734.0,0.0,4294963200.0,114161.0,228153.0,0.0,384.0,295387.0,0.0,0.0,26.0,0.0,0.0,0.0,0.0,0.0,85.0,2.0,0.0,0.0,0.0,2.0,3.0,1.0,2.0,0.0,8.0,25.0,25.0
1407183340.360,05-08 05:15:40,0.337,1.770,97.893,0.0,0.0,0.0,0.0,465825792.0,0.0,0.0,7108.0,7108.0,7108.0,11.350,10.240,10.230,1091018752.0,135258112.0,4802568192.0,1.29202225152e+11,0.0,1.0,0.0,0.0,113726.0,0.0,4294963200.0,114731.0,228136.0,0.0,384.0,295387.0,0.0,0.0,26.0,0.0,0.0,0.0,0.0,0.0,85.0,2.0,0.0,0.0,0.0,2.0,3.0,1.0,2.0,0.0,8.0,24.0,24.0
1407183341.360,05-08 05:15:41,0.463,1.601,97.936,0.0,0.0,0.0,0.0,464408576.0,0.0,0.0,7087.0,7087.0,7086.0,11.350,10.240,10.230,1091018752.0,135258112.0,4802568192.0,1.29202225152e+11,0.0,1.0,0.0,0.0,113380.0,0.0,4294963200.0,123919.0,227443.0,0.0,384.0,295387.0,0.0,0.0,26.0,0.0,0.0,0.0,0.0,0.0,85.0,2.0,0.0,0.0,0.0,2.0,3.0,1.0,2.0,0.0,8.0,24.0,24.0
1407183342.360,05-08 05:15:42,0.505,1.643,97.810,0.042,0.0,0.0,0.0,463560704.0,0.0,0.0,7073.0,7073.0,7074.0,11.350,10.240,10.230,1091018752.0,135258112.0,4802568192.0,1.29202225152e+11,2.0,0.0,0.0,0.0,113174.0,0.0,4294963200.0,123871.0,227034.0,0.0,384.0,295387.0,0.0,0.0,26.0,0.0,0.0,0.0,0.0,0.0,85.0,2.0,0.0,0.0,0.0,2.0,3.0,1.0,2.0,0.0,8.0,25.0,32.0
1407183343.360,05-08 05:15:43,0.296,1.355,98.349,0.0,0.0,0.0,0.0,463429632.0,0.0,0.0,7071.0,7071.0,7071.0,11.720,10.340,10.260,1091018752.0,135258112.0,4802568192.0,1.29202225152e+11,0.0,1.0,0.0,0.0,113142.0,0.0,4294963200.0,123753.0,226963.0,0.0,384.0,295387.0,0.0,0.0,26.0,0.0,0.0,0.0,0.0,0.0,85.0,2.0,0.0,0.0,0.0,2.0,3.0,1.0,2.0,0.0,8.0,24.0,24.0
1407183344.360,05-08 05:15:44,0.338,1.562,98.100,0.0,0.0,0.0,0.0,464248832.0,0.0,0.0,7084.0,7084.0,7084.0,11.720,10.340,10.260,1091018752.0,135258112.0,4802568192.0,1.29202225152e+11,2.0,0.0,0.0,0.0,113342.0,0.0,4294963200.0,123857.0,227368.0,0.0,384.0,295387.0,0.0,0.0,26.0,0.0,0.0,0.0,0.0,0.0,85.0,2.0,0.0,0.0,0.0,2.0,3.0,1.0,2.0,0.0,8.0,25.0,25.0
1407183345.360,05-08 05:15:45,0.378,1.934,97.688,0.0,0.0,0.0,0.0,464437248.0,0.0,0.0,7087.0,7087.0,7087.0,11.720,10.340,10.260,1091018752.0,135258112.0,4802568192.0,1.29202225152e+11,2.0,0.0,0.0,0.0,113388.0,0.0,4294963200.0,123815.0,227459.0,0.0,384.0,295387.0,0.0,0.0,26.0,0.0,0.0,0.0,0.0,0.0,85.0,2.0,0.0,0.0,0.0,2.0,3.0,1.0,2.0,0.0,8.0,24.0,24.0
1407183346.360,05-08 05:15:46,0.504,1.972,97.524,0.0,0.0,0.0,0.0,464584704.0,0.0,0.0,7089.0,7089.0,7089.0,11.720,10.340,10.260,1091018752.0,135258112.0,4802568192.0,1.29202225152e+11,0.0,1.0,0.0,0.0,113424.0,0.0,4294963200.0,124030.0,227538.0,0.0,384.0,295387.0,0.0,0.0,26.0,0.0,0.0,0.0,0.0,0.0,85.0,2.0,0.0,0.0,0.0,2.0,3.0,1.0,2.0,0.0,8.0,25.0,27.0
1407183347.360,05-08 05:15:47,0.338,1.562,98.100,0.0,0.0,0.0,0.0,464281600.0,0.0,0.0,7085.0,7084.0,7084.0,11.720,10.340,10.260,1091018752.0,135258112.0,4802568192.0,1.29202225152e+11,1.0,0.0,0.0,0.0,113350.0,0.0,4294963200.0,124182.0,227389.0,0.0,384.0,295387.0,0.0,0.0,26.0,0.0,0.0,0.0,0.0,0.0,85.0,2.0,0.0,0.0,0.0,2.0,3.0,1.0,2.0,0.0,8.0,24.0,24.0
1407183348.360,05-08 05:15:48,0.465,1.268,98.266,0.0,0.0,0.0,0.0,464502784.0,0.0,0.0,7087.0,7088.0,7088.0,12.060,10.430,10.300,1091018752.0,135258112.0,4802568192.0,1.29202225152e+11,0.0,1.0,0.0,0.0,113404.0,0.0,4294963200.0,123906.0,227494.0,0.0,384.0,295387.0,0.0,0.0,26.0,0.0,0.0,0.0,0.0,0.0,85.0,2.0,0.0,0.0,0.0,2.0,3.0,1.0,2.0,0.0,8.0,25.0,25.0
1407183349.360,05-08 05:15:49,0.380,1.603,98.018,0.0,0.0,0.0,0.0,464642048.0,0.0,0.0,7090.0,7090.0,7090.0,12.060,10.430,10.300,1091018752.0,135258112.0,4802568192.0,1.29202225152e+11,1.0,1.0,0.0,0.0,113440.0,0.0,4294963200.0,124147.0,227550.0,0.0,384.0,295387.0,0.0,0.0,26.0,0.0,0.0,0.0,0.0,0.0,85.0,2.0,0.0,0.0,0.0,2.0,3.0,1.0,2.0,0.0,8.0,24.0,24.0
1407183350.360,05-08 05:15:50,0.462,1.807,97.688,0.0,0.0,0.042,0.0,464687104.0,0.0,0.0,7091.0,7091.0,7090.0,12.060,10.430,10.300,1091018752.0,135258112.0,4802568192.0,1.29202225152e+11,1.0,1.0,0.0,0.0,113450.0,0.0,4294963200.0,124034.0,227590.0,0.0,384.0,295387.0,0.0,0.0,26.0,0.0,0.0,0.0,0.0,0.0,85.0,2.0,0.0,0.0,0.0,2.0,3.0,1.0,2.0,0.0,8.0,26.0,26.0
1407183351.360,05-08 05:15:51,0.505,1.642,97.853,0.0,0.0,0.0,0.0,464711680.0,0.0,0.0,7091.0,7091.0,7091.0,12.060,10.430,10.300,1091014656.0,135258112.0,4802572288.0,1.29202225152e+11,0.0,1.0,0.0,0.0,113453.0,0.0,4294963200.0,124177.0,227591.0,0.0,384.0,295387.0,0.0,0.0,26.0,0.0,0.0,0.0,0.0,0.0,85.0,2.0,0.0,0.0,0.0,2.0,3.0,1.0,2.0,0.0,8.0,25.0,24.0
1407183352.360,05-08 05:15:52,0.503,2.096,97.402,0.0,0.0,0.0,0.0,463872000.0,0.0,0.0,7077.0,7077.0,7078.0,12.060,10.430,10.300,1091014656.0,135258112.0,4802572288.0,1.29202225152e+11,2.0,0.0,0.0,0.0,113247.0,0.0,4294963200.0,124090.0,227204.0,0.0,384.0,295387.0,0.0,0.0,26.0,0.0,0.0,0.0,0.0,0.0,85.0,2.0,0.0,0.0,0.0,2.0,3.0,1.0,2.0,0.0,8.0,33.0,24.0
1407183353.360,05-08 05:15:53,0.466,1.060,98.473,0.0,0.0,0.0,0.0,464007168.0,0.0,0.0,7081.0,7081.0,7080.0,12.380,10.520,10.330,1091141632.0,135258112.0,4802572288.0,1.29202098176e+11,1.0,0.0,0.0,0.0,113281.0,0.0,4294963200.0,123768.0,227248.0,0.0,384.0,295387.0,0.0,0.0,26.0,0.0,0.0,0.0,0.0,0.0,85.0,2.0,0.0,0.0,0.0,2.0,3.0,1.0,2.0,0.0,8.0,25.0,25.0
1407183354.360,05-08 05:15:54,0.548,1.559,97.893,0.0,0.0,0.0,0.0,464683008.0,0.0,0.0,7090.0,7090.0,7091.0,12.380,10.520,10.330,1091141632.0,135258112.0,4802572288.0,1.29202098176e+11,0.0,1.0,0.0,0.0,113450.0,0.0,4294963200.0,124171.0,227584.0,0.0,384.0,295387.0,0.0,0.0,26.0,0.0,0.0,0.0,0.0,0.0,85.0,2.0,0.0,0.0,0.0,2.0,3.0,1.0,2.0,0.0,8.0,24.0,24.0
1407183355.360,05-08 05:15:55,0.672,1.638,97.606,0.042,0.0,0.042,0.0,465391616.0,0.0,0.0,7102.0,7101.0,7101.0,12.380,10.520,10.330,1091141632.0,135258112.0,4802572288.0,1.29202098176e+11,2.0,0.0,0.0,0.0,113620.0,0.0,4294963200.0,124352.0,227933.0,0.0,384.0,295387.0,0.0,0.0,26.0,0.0,0.0,0.0,0.0,0.0,85.0,2.0,0.0,0.0,0.0,2.0,3.0,1.0,2.0,0.0,8.0,25.0,25.0
1407183356.360,05-08 05:15:56,0.547,1.766,97.645,0.0,0.0,0.042,0.0,465391616.0,0.0,0.0,7101.0,7102.0,7102.0,12.380,10.520,10.330,1091141632.0,135258112.0,4802572288.0,1.29202098176e+11,0.0,1.0,0.0,0.0,113622.0,0.0,4294963200.0,124313.0,227929.0,0.0,384.0,295387.0,0.0,0.0,26.0,0.0,0.0,0.0,0.0,0.0,85.0,2.0,0.0,0.0,0.0,2.0,3.0,1.0,2.0,0.0,8.0,24.0,24.0
1407183357.360,05-08 05:15:57,0.211,1.853,97.936,0.0,0.0,0.0,0.0,465367040.0,0.0,0.0,7101.0,7101.0,7101.0,12.380,10.520,10.330,1091141632.0,135258112.0,4802572288.0,1.29202098176e+11,1.0,0.0,0.0,0.0,113616.0,0.0,4294963200.0,124238.0,227921.0,0.0,384.0,295387.0,0.0,0.0,26.0,0.0,0.0,0.0,0.0,0.0,85.0,2.0,0.0,0.0,0.0,2.0,3.0,1.0,2.0,0.0,8.0,25.0,25.0
1407183358.360,05-08 05:15:58,0.672,1.681,97.647,0.0,0.0,0.0,0.0,465412096.0,0.0,0.0,7101.0,7101.0,7101.0,12.670,10.610,10.360,1091141632.0,135258112.0,4802572288.0,1.29202098176e+11,1.0,1.0,0.0,0.0,113625.0,0.0,4294963200.0,124526.0,227935.0,0.0,384.0,295387.0,0.0,0.0,26.0,0.0,0.0,0.0,0.0,0.0,85.0,2.0,0.0,0.0,0.0,2.0,3.0,1.0,2.0,0.0,8.0,24.0,27.0
1407183359.360,05-08 05:15:59,0.547,1.767,97.686,0.0,0.0,0.0,0.0,465555456.0,0.0,0.0,7104.0,7104.0,7104.0,12.670,10.610,10.360,1091141632.0,135258112.0,4802572288.0,1.29202098176e+11,0.0,1.0,0.0,0.0,113661.0,0.0,4294963200.0,124257.0,228005.0,0.0,384.0,295387.0,0.0,0.0,26.0,0.0,0.0,0.0,0.0,0.0,85.0,2.0,0.0,0.0,0.0,2.0,3.0,1.0,2.0,0.0,8.0,25.0,25.0
1407183360.360,05-08 05:16:00,0.378,1.976,97.645,0.0,0.0,0.0,0.0,465203200.0,0.0,0.0,7099.0,7099.0,7098.0,12.670,10.610,10.360,1091141632.0,135258112.0,4802572288.0,1.29202098176e+11,0.0,1.0,0.0,0.0,113576.0,0.0,4294963200.0,124321.0,227830.0,0.0,384.0,295387.0,0.0,0.0,26.0,0.0,0.0,0.0,0.0,0.0,85.0,2.0,0.0,0.0,0.0,2.0,3.0,1.0,2.0,0.0,8.0,24.0,24.0
1407183361.360,05-08 05:16:01,0.547,1.641,97.811,0.0,0.0,0.0,0.0,465682432.0,0.0,0.0,7105.0,7105.0,7106.0,12.670,10.610,10.360,1091141632.0,135258112.0,4802572288.0,1.29202098176e+11,1.0,0.0,0.0,0.0,113690.0,0.0,4294963200.0,124406.0,228067.0,0.0,384.0,295387.0,0.0,0.0,26.0,0.0,0.0,0.0,0.0,0.0,85.0,2.0,0.0,0.0,0.0,2.0,3.0,1.0,2.0,0.0,8.0,25.0,24.0
1407183362.360,05-08 05:16:02,0.713,1.721,97.524,0.0,0.0,0.042,0.0,463896576.0,0.0,0.0,7079.0,7079.0,7079.0,12.670,10.610,10.360,1091141632.0,135258112.0,4802572288.0,1.29202098176e+11,0.0,1.0,0.0,0.0,113256.0,0.0,4294963200.0,123771.0,227204.0,0.0,384.0,295387.0,0.0,0.0,26.0,0.0,0.0,0.0,0.0,0.0,85.0,2.0,0.0,0.0,0.0,2.0,3.0,1.0,2.0,0.0,8.0,26.0,25.0
1407183363.360,05-08 05:16:03,0.378,1.892,97.729,0.0,0.0,0.0,0.0,463609856.0,0.0,0.0,7074.0,7074.0,7074.0,12.940,10.700,10.390,1091137536.0,135258112.0,4802576384.0,1.29202098176e+11,0.0,1.0,0.0,0.0,113186.0,0.0,4294963200.0,123847.0,227044.0,0.0,384.0,295387.0,0.0,0.0,26.0,0.0,0.0,0.0,0.0,0.0,85.0,2.0,0.0,0.0,0.0,2.0,3.0,1.0,2.0,0.0,8.0,24.0,24.0
1407183364.360,05-08 05:16:04,0.504,1.765,97.688,0.042,0.0,0.0,0.0,463532032.0,0.0,0.0,7073.0,7073.0,7073.0,12.940,10.700,10.390,1091137536.0,135258112.0,4802576384.0,1.29202098176e+11,0.0,1.0,0.0,0.0,113167.0,0.0,4294963200.0,127026.0,227009.0,0.0,384.0,295387.0,0.0,0.0,26.0,0.0,0.0,0.0,0.0,0.0,85.0,2.0,0.0,0.0,0.0,2.0,3.0,1.0,2.0,0.0,8.0,25.0,25.0
1407183365.360,05-08 05:16:05,0.671,1.846,97.440,0.042,0.0,0.0,0.0,463958016.0,0.0,0.0,7079.0,7079.0,7079.0,12.940,10.700,10.390,1091137536.0,135258112.0,4802576384.0,1.29202098176e+11,2.0,0.0,0.0,0.0,113271.0,0.0,4294963200.0,129195.0,227227.0,0.0,384.0,295387.0,0.0,0.0,26.0,0.0,0.0,0.0,0.0,0.0,85.0,2.0,0.0,0.0,0.0,2.0,3.0,1.0,2.0,0.0,8.0,24.0,24.0
1407183366.360,05-08 05:16:06,0.632,1.642,97.726,0.0,0.0,0.0,0.0,464420864.0,0.0,0.0,7087.0,7087.0,7087.0,12.940,10.700,10.390,1091137536.0,135258112.0,4802576384.0,1.29202098176e+11,2.0,0.0,0.0,0.0,113384.0,0.0,4294963200.0,129130.0,227458.0,0.0,384.0,295387.0,0.0,0.0,26.0,0.0,0.0,0.0,0.0,0.0,85.0,2.0,0.0,0.0,0.0,2.0,3.0,1.0,2.0,0.0,8.0,25.0,28.0
1407183367.360,05-08 05:16:07,0.463,1.684,97.811,0.042,0.0,0.0,0.0,463798272.0,0.0,0.0,7077.0,7077.0,7077.0,12.940,10.700,10.390,1091137536.0,135258112.0,4802576384.0,1.29202098176e+11,1.0,0.0,0.0,0.0,113233.0,0.0,4294963200.0,129274.0,227149.0,0.0,384.0,295387.0,0.0,0.0,26.0,0.0,0.0,0.0,0.0,0.0,85.0,2.0,0.0,0.0,0.0,2.0,3.0,1.0,2.0,0.0,8.0,24.0,24.0
1407183368.360,05-08 05:16:08,0.378,1.850,97.688,0.084,0.0,0.0,0.0,464150528.0,0.0,0.0,7082.0,7082.0,7082.0,13.180,10.790,10.420,1091137536.0,135258112.0,4802576384.0,1.29202098176e+11,2.0,0.0,0.0,0.0,113317.0,0.0,4294963200.0,129009.0,227316.0,0.0,384.0,295387.0,0.0,0.0,26.0,0.0,0.0,0.0,0.0,0.0,85.0,2.0,0.0,0.0,0.0,2.0,3.0,1.0,2.0,0.0,8.0,25.0,25.0
1407183369.360,05-08 05:16:09,0.254,1.606,98.140,0.0,0.0,0.0,0.0,464134144.0,0.0,0.0,7082.0,7082.0,7082.0,13.180,10.790,10.420,1091137536.0,135258112.0,4802576384.0,1.29202098176e+11,1.0,0.0,0.0,0.0,113314.0,0.0,4294963200.0,129099.0,227308.0,0.0,384.0,295387.0,0.0,0.0,26.0,0.0,0.0,0.0,0.0,0.0,85.0,2.0,0.0,0.0,0.0,2.0,3.0,1.0,2.0,0.0,8.0,24.0,24.0
1407183370.360,05-08 05:16:10,0.671,1.804,97.482,0.042,0.0,0.0,0.0,464142336.0,0.0,0.0,7083.0,7083.0,7082.0,13.180,10.790,10.420,1091137536.0,135258112.0,4802576384.0,1.29202098176e+11,0.0,1.0,0.0,0.0,113318.0,0.0,4294963200.0,129212.0,227318.0,0.0,384.0,295387.0,0.0,0.0,26.0,0.0,0.0,0.0,0.0,0.0,85.0,2.0,0.0,0.0,0.0,2.0,3.0,1.0,2.0,0.0,8.0,24.0,26.0
1407183371.360,05-08 05:16:11,0.756,1.638,97.564,0.042,0.0,0.0,0.0,464650240.0,0.0,0.0,7090.0,7089.0,7090.0,13.180,10.790,10.420,1091137536.0,135258112.0,4802576384.0,1.29202098176e+11,1.0,1.0,0.0,0.0,113439.0,0.0,4294963200.0,129266.0,227567.0,0.0,384.0,295387.0,0.0,0.0,26.0,0.0,0.0,0.0,0.0,0.0,85.0,2.0,0.0,0.0,0.0,2.0,3.0,1.0,2.0,0.0,8.0,26.0,25.0
1407183372.360,05-08 05:16:12,0.296,1.312,98.349,0.0,0.0,0.042,0.0,463740928.0,0.0,0.0,7076.0,7077.0,7077.0,13.180,10.790,10.420,1091137536.0,135258112.0,4802576384.0,1.29202098176e+11,1.0,0.0,0.0,0.0,113217.0,0.0,4294963200.0,128847.0,227118.0,0.0,384.0,295387.0,0.0,0.0,26.0,0.0,0.0,0.0,0.0,0.0,85.0,2.0,0.0,0.0,0.0,2.0,3.0,1.0,2.0,0.0,8.0,24.0,24.0
1407183373.360,05-08 05:16:13,0.879,1.884,97.195,0.042,0.0,0.0,0.0,462987264.0,0.0,0.0,7064.0,7064.0,7064.0,13.410,10.880,10.450,1091137536.0,135258112.0,4802576384.0,1.29202098176e+11,1.0,1.0,0.0,0.0,113035.0,0.0,4294963200.0,126226.0,226755.0,0.0,384.0,295387.0,0.0,0.0,26.0,0.0,0.0,0.0,0.0,0.0,85.0,2.0,0.0,0.0,0.0,2.0,3.0,1.0,2.0,0.0,8.0,26.0,25.0
1407183374.360,05-08 05:16:14,0.630,1.806,97.564,0.0,0.0,0.0,0.0,463114240.0,0.0,0.0,7067.0,7067.0,7067.0,13.410,10.880,10.450,1091133440.0,135258112.0,4802580480.0,1.29202098176e+11,1.0,1.0,0.0,0.0,113067.0,0.0,4294963200.0,124413.0,226811.0,0.0,384.0,295387.0,0.0,0.0,26.0,0.0,0.0,0.0,0.0,0.0,85.0,2.0,0.0,0.0,0.0,2.0,3.0,1.0,2.0,0.0,8.0,25.0,24.0
1407183375.360,05-08 05:16:15,0.504,1.931,97.523,0.0,0.0,0.042,0.0,464670720.0,0.0,0.0,7090.0,7090.0,7090.0,13.410,10.880,10.450,1091133440.0,135258112.0,4802580480.0,1.29202098176e+11,0.0,1.0,0.0,0.0,113442.0,0.0,4294963200.0,124055.0,227575.0,0.0,384.0,295387.0,0.0,0.0,26.0,0.0,0.0,0.0,0.0,0.0,85.0,2.0,0.0,0.0,0.0,2.0,3.0,1.0,2.0,0.0,8.0,25.0,25.0
1407183376.360,05-08 05:16:16,0.588,1.723,97.689,0.0,0.0,0.0,0.0,464674816.0,0.0,0.0,7091.0,7091.0,7090.0,13.410,10.880,10.450,1091133440.0,135258112.0,4802580480.0,1.29202098176e+11,0.0,1.0,0.0,0.0,113446.0,0.0,4294963200.0,124193.0,227574.0,0.0,384.0,295387.0,0.0,0.0,26.0,0.0,0.0,0.0,0.0,0.0,85.0,2.0,0.0,0.0,0.0,2.0,3.0,1.0,2.0,0.0,8.0,24.0,24.0
1407183377.360,05-08 05:16:17,0.505,1.643,97.852,0.0,0.0,0.0,0.0,464584704.0,0.0,0.0,7089.0,7089.0,7089.0,13.410,10.880,10.450,1091133440.0,135258112.0,4802580480.0,1.29202098176e+11,0.0,1.0,0.0,0.0,113426.0,0.0,4294963200.0,124060.0,227540.0,0.0,384.0,295387.0,0.0,0.0,26.0,0.0,0.0,0.0,0.0,0.0,85.0,2.0,0.0,0.0,0.0,2.0,3.0,1.0,2.0,0.0,8.0,25.0,25.0
1407183378.360,05-08 05:16:18,0.548,1.476,97.976,0.0,0.0,0.0,0.0,464216064.0,0.0,0.0,7083.0,7083.0,7084.0,13.610,10.960,10.480,1091133440.0,135258112.0,4802580480.0,1.29202098176e+11,2.0,0.0,0.0,0.0,113333.0,0.0,4294963200.0,124176.0,227349.0,0.0,384.0,295387.0,0.0,0.0,26.0,0.0,0.0,0.0,0.0,0.0,85.0,2.0,0.0,0.0,0.0,2.0,3.0,1.0,2.0,0.0,8.0,24.0,24.0
1407183379.360,05-08 05:16:19,0.464,1.518,98.018,0.0,0.0,0.0,0.0,464084992.0,0.0,0.0,7081.0,7081.0,7081.0,13.610,10.960,10.480,1091133440.0,135258112.0,4802580480.0,1.29202098176e+11,1.0,1.0,0.0,0.0,113302.0,0.0,4294963200.0,128527.0,227281.0,0.0,384.0,295387.0,0.0,0.0,26.0,0.0,0.0,0.0,0.0,0.0,85.0,2.0,0.0,0.0,0.0,2.0,3.0,1.0,2.0,0.0,8.0,24.0,24.0
1407183380.360,05-08 05:16:20,0.589,1.641,97.686,0.084,0.0,0.0,0.0,464084992.0,0.0,0.0,7082.0,7082.0,7082.0,13.610,10.960,10.480,1091133440.0,135258112.0,4802580480.0,1.29202098176e+11,0.0,1.0,0.0,0.0,113303.0,0.0,4294963200.0,129021.0,227288.0,0.0,384.0,295387.0,0.0,0.0,26.0,0.0,0.0,0.0,0.0,0.0,85.0,2.0,0.0,0.0,0.0,2.0,3.0,1.0,2.0,0.0,8.0,25.0,25.0
1407183381.360,05-08 05:16:21,0.713,1.762,97.524,0.0,0.0,0.0,0.0,465330176.0,0.0,0.0,7100.0,7100.0,7100.0,13.610,10.960,10.480,1091133440.0,135258112.0,4802580480.0,1.29202098176e+11,1.0,0.0,0.0,0.0,113605.0,0.0,4294963200.0,122494.0,227900.0,0.0,384.0,295387.0,0.0,0.0,26.0,0.0,0.0,0.0,0.0,0.0,85.0,2.0,0.0,0.0,0.0,2.0,3.0,1.0,2.0,0.0,8.0,24.0,24.0
1407183382.360,05-08 05:16:22,0.629,1.762,97.483,0.0,0.0,0.126,0.0,466886656.0,0.0,0.0,7124.0,7124.0,7124.0,13.610,10.960,10.480,1090678784.0,135258112.0,4802580480.0,1.29202552832e+11,0.0,1.0,0.0,0.0,113985.0,0.0,4294963200.0,114489.0,228687.0,0.0,384.0,295387.0,0.0,0.0,26.0,0.0,0.0,0.0,0.0,0.0,85.0,2.0,0.0,0.0,0.0,2.0,3.0,1.0,2.0,0.0,33.0,35.0,183.0
1407183383.360,05-08 05:16:23,0.125,0.334,99.541,0.0,0.0,0.0,0.0,66875392.0,0.0,0.0,1017.0,1017.0,1017.0,12.520,10.780,10.420,1088999424.0,135258112.0,4772904960.0,1.29233907712e+11,0.0,0.0,3.0,0.0,16155.0,0.0,4294963200.0,16622.0,32816.0,0.0,336.0,295358.0,0.0,0.0,25.0,0.0,0.0,0.0,0.0,0.0,85.0,2.0,0.0,0.0,0.0,2.0,3.0,1.0,2.0,0.0,1125.0,361.0,8689.0
1407183384.360,05-08 05:16:24,0.042,0.0,99.958,0.0,0.0,0.0,0.0,24576.0,0.0,0.0,1.0,1.0,1.0,12.520,10.780,10.420,1087614976.0,135258112.0,4773212160.0,1.2923498496e+11,0.0,0.0,0.0,0.0,6.0,0.0,4294963200.0,242.0,454.0,0.0,336.0,295358.0,0.0,0.0,25.0,0.0,0.0,0.0,0.0,0.0,85.0,2.0,0.0,0.0,0.0,2.0,3.0,1.0,2.0,0.0,4.0,13.0,13.0
1407183385.360,05-08 05:16:25,0.042,0.0,99.958,0.0,0.0,0.0,0.0,0.0,0.0,0.0,0.0,0.0,0.0,12.520,10.780,10.420,1087606784.0,135258112.0,4773212160.0,1.29234993152e+11,0.0,0.0,0.0,0.0,0.0,0.0,4294963200.0,230.0,442.0,0.0,336.0,295358.0,0.0,0.0,25.0,0.0,0.0,0.0,0.0,0.0,85.0,2.0,0.0,0.0,0.0,2.0,3.0,1.0,2.0,0.0,4.0,13.0,12.0
1407183386.360,05-08 05:16:26,0.042,0.0,99.958,0.0,0.0,0.0,0.0,0.0,0.0,0.0,0.0,0.0,0.0,12.520,10.780,10.420,1087606784.0,135258112.0,4773212160.0,1.29234993152e+11,0.0,0.0,0.0,0.0,0.0,0.0,4294963200.0,236.0,453.0,0.0,336.0,295358.0,0.0,0.0,25.0,0.0,0.0,0.0,0.0,0.0,85.0,2.0,0.0,0.0,0.0,2.0,3.0,1.0,2.0,0.0,4.0,13.0,13.0
1407183387.360,05-08 05:16:27,0.042,0.0,99.958,0.0,0.0,0.0,0.0,1949696.0,0.0,0.0,0.0,0.0,0.0,12.520,10.780,10.420,1087373312.0,135258112.0,4772536320.0,1.29235902464e+11,0.0,0.0,0.0,0.0,45.0,0.0,4294963200.0,351.0,515.0,0.0,336.0,295358.0,0.0,0.0,25.0,0.0,0.0,0.0,0.0,0.0,85.0,2.0,0.0,0.0,0.0,2.0,3.0,1.0,2.0,0.0,4.0,322.0,276.0
1407183388.360,05-08 05:16:28,0.042,0.0,99.958,0.0,0.0,0.0,0.0,0.0,0.0,0.0,0.0,0.0,0.0,11.520,10.600,10.360,1087471616.0,135258112.0,4773216256.0,1.29235124224e+11,0.0,0.0,0.0,0.0,0.0,0.0,4294963200.0,231.0,438.0,0.0,336.0,295358.0,0.0,0.0,25.0,0.0,0.0,0.0,0.0,0.0,85.0,2.0,0.0,0.0,0.0,2.0,3.0,1.0,2.0,0.0,4.0,12.0,12.0
1407183389.360,05-08 05:16:29,0.042,0.0,99.917,0.042,0.0,0.0,0.0,0.0,0.0,0.0,0.0,0.0,0.0,11.520,10.600,10.360,1087471616.0,135258112.0,4773216256.0,1.29235124224e+11,0.0,0.0,0.0,0.0,0.0,0.0,4294963200.0,234.0,450.0,0.0,336.0,295358.0,0.0,0.0,25.0,0.0,0.0,0.0,0.0,0.0,85.0,2.0,0.0,0.0,0.0,2.0,3.0,1.0,2.0,0.0,4.0,13.0,13.0
1407183390.360,05-08 05:16:30,0.042,0.0,99.958,0.0,0.0,0.0,0.0,0.0,0.0,0.0,0.0,0.0,0.0,11.520,10.600,10.360,1087471616.0,135258112.0,4773216256.0,1.29235124224e+11,0.0,0.0,0.0,0.0,0.0,0.0,4294963200.0,232.0,444.0,0.0,336.0,295358.0,0.0,0.0,25.0,0.0,0.0,0.0,0.0,0.0,85.0,2.0,0.0,0.0,0.0,2.0,3.0,1.0,2.0,0.0,4.0,12.0,12.0
1407183391.360,05-08 05:16:31,0.042,0.0,99.958,0.0,0.0,0.0,0.0,0.0,0.0,0.0,0.0,0.0,0.0,11.520,10.600,10.360,1087471616.0,135258112.0,4773216256.0,1.29235124224e+11,0.0,0.0,0.0,0.0,0.0,0.0,4294963200.0,235.0,453.0,0.0,336.0,295358.0,0.0,0.0,25.0,0.0,0.0,0.0,0.0,0.0,85.0,2.0,0.0,0.0,0.0,2.0,3.0,1.0,2.0,0.0,4.0,13.0,20.0
1407183392.360,05-08 05:16:32,0.042,0.0,99.958,0.0,0.0,0.0,0.0,0.0,0.0,0.0,0.0,0.0,0.0,11.520,10.600,10.360,1087463424.0,135258112.0,4773216256.0,1.29235132416e+11,0.0,0.0,0.0,0.0,0.0,0.0,4294963200.0,232.0,448.0,0.0,336.0,295358.0,0.0,0.0,25.0,0.0,0.0,0.0,0.0,0.0,85.0,2.0,0.0,0.0,0.0,2.0,3.0,1.0,2.0,0.0,4.0,12.0,12.0
1407183393.360,05-08 05:16:33,0.042,0.0,99.958,0.0,0.0,0.0,0.0,0.0,0.0,0.0,0.0,0.0,0.0,10.600,10.420,10.310,1087463424.0,135258112.0,4773216256.0,1.29235132416e+11,0.0,0.0,0.0,0.0,0.0,0.0,4294963200.0,234.0,450.0,0.0,336.0,295358.0,0.0,0.0,25.0,0.0,0.0,0.0,0.0,0.0,85.0,2.0,0.0,0.0,0.0,2.0,3.0,1.0,2.0,0.0,4.0,13.0,13.0
1407183394.360,05-08 05:16:34,0.042,0.0,99.958,0.0,0.0,0.0,0.0,0.0,0.0,0.0,0.0,0.0,0.0,10.600,10.420,10.310,1087463424.0,135258112.0,4773216256.0,1.29235132416e+11,0.0,0.0,0.0,0.0,0.0,0.0,4294963200.0,232.0,444.0,0.0,336.0,295358.0,0.0,0.0,25.0,0.0,0.0,0.0,0.0,0.0,85.0,2.0,0.0,0.0,0.0,2.0,3.0,1.0,2.0,0.0,4.0,12.0,12.0
1407183395.360,05-08 05:16:35,0.042,0.0,99.917,0.042,0.0,0.0,0.0,0.0,0.0,0.0,0.0,0.0,0.0,10.600,10.420,10.310,1087463424.0,135258112.0,4773216256.0,1.29235132416e+11,0.0,0.0,0.0,0.0,0.0,0.0,4294963200.0,236.0,450.0,0.0,336.0,295358.0,0.0,0.0,25.0,0.0,0.0,0.0,0.0,0.0,85.0,2.0,0.0,0.0,0.0,2.0,3.0,1.0,2.0,0.0,4.0,13.0,56.0
1407183396.360,05-08 05:16:36,0.042,0.0,99.958,0.0,0.0,0.0,0.0,0.0,0.0,0.0,0.0,0.0,0.0,10.600,10.420,10.310,1087463424.0,135258112.0,4773216256.0,1.29235132416e+11,0.0,0.0,0.0,0.0,0.0,0.0,4294963200.0,234.0,442.0,0.0,336.0,295358.0,0.0,0.0,25.0,0.0,0.0,0.0,0.0,0.0,85.0,2.0,0.0,0.0,0.0,2.0,3.0,1.0,2.0,0.0,4.0,12.0,12.0
1407183397.360,05-08 05:16:37,0.042,0.0,99.958,0.0,0.0,0.0,0.0,0.0,0.0,0.0,0.0,0.0,0.0,10.600,10.420,10.310,1087463424.0,135258112.0,4773216256.0,1.29235132416e+11,0.0,0.0,0.0,0.0,0.0,0.0,4294963200.0,231.0,446.0,0.0,336.0,295358.0,0.0,0.0,25.0,0.0,0.0,0.0,0.0,0.0,85.0,2.0,0.0,0.0,0.0,2.0,3.0,1.0,2.0,0.0,4.0,12.0,12.0
